the: 14 (RTF: 0.451613)
and: 7 (RTF: 0.225806)
in: 2 (RTF: 0.064516)
game: 2 (RTF: 0.064516)
ball: 2 (RTF: 0.064516)
team: 2 (RTF: 0.064516)
to: 2 (RTF: 0.064516)
