and: 7 (RTF: 0.538462)
heat: 2 (RTF: 0.153846)
in: 2 (RTF: 0.153846)
renewable: 2 (RTF: 0.153846)
