and: 7 (RTF: 0.388889)
the: 3 (RTF: 0.166667)
fever: 2 (RTF: 0.111111)
clinician: 2 (RTF: 0.111111)
symptom: 2 (RTF: 0.111111)
were: 2 (RTF: 0.111111)
