and: 5 (RTF: 0.238095)
down: 2 (RTF: 0.095238)
fix: 2 (RTF: 0.095238)
budget: 2 (RTF: 0.095238)
include: 2 (RTF: 0.095238)
cost: 2 (RTF: 0.095238)
sav: 2 (RTF: 0.095238)
variable: 2 (RTF: 0.095238)
debt: 2 (RTF: 0.095238)
